1222 1222 1222 1222 1222 1222 1222 1222 1222 1222 1222 1222 1222 1668 1668 1439 1439 1440 1441 1441 1442 1443 1444 1446 1445 1446 1447 1446 1447 1448 ;
1448 1448 1448 1448 1448 1448 1448 1448 1448 1448 1448 1448 1448 1450 1439 1439 1439 1440 1440 1442 1442 1443 1445 1445 1445 1446 1447 1447 1448 1448 ;
1449 1449 1449 1449 1449 1449 1449 1449 1449 1449 1449 1449 1450 1449 1439 1439 1439 1440 1442 1442 1442 1443 1444 1445 1445 1446 1447 1446 1447 1448 ;
1446 1446 1446 1446 1446 1446 1446 1446 1446 1446 1446 1446 1446 1448 1439 1439 1439 1440 1441 1442 1442 1444 1444 1445 1445 1446 1447 1446 1448 1448 ;
1448 1448 1448 1448 1448 1448 1448 1448 1448 1448 1448 1448 1448 1449 1439 1439 1440 1440 1442 1441 1442 1443 1445 1446 1446 1446 1446 1447 1447 1448 ;
1448 1448 1448 1448 1448 1448 1448 1448 1448 1448 1448 1448 1448 1450 1439 1439 1439 1440 1441 1442 1442 1443 1445 1445 1445 1446 1447 1447 1448 1448 ;
1449 1449 1449 1449 1449 1449 1449 1449 1449 1449 1449 1449 1450 1449 1439 1439 1439 1440 1442 1442 1442 1443 1445 1445 1445 1446 1448 1447 1448 1448 ;
1448 1448 1448 1448 1448 1448 1448 1448 1448 1448 1448 1448 1448 1448 1439 1439 1439 1440 1440 1442 1442 1443 1445 1446 1445 1446 1447 1447 1447 1449 ;
1449 1449 1449 1449 1449 1449 1449 1449 1449 1449 1449 1449 1449 1450 1439 1439 1439 1440 1441 1442 1442 1445 1445 1446 1445 1446 1447 1446 1447 1450 ;
1448 1448 1448 1448 1448 1448 1448 1448 1448 1448 1448 1448 1448 1449 1439 1439 1439 1440 1441 1441 1442 1444 1445 1445 1445 1446 1447 1446 1447 1448 ;
1449 1449 1449 1449 1449 1449 1449 1449 1449 1449 1449 1449 1449 1450 1449 1439 1439 1440 1441 1442 1442 1442 1445 1446 1445 1447 1446 1447 1448 1447 ;
1448 1448 1448 1448 1448 1448 1448 1448 1448 1448 1448 1448 1448 1450 1440 1439 1439 1440 1442 1442 1443 1443 1445 1445 1446 1446 1447 1447 1447 1447 ;
1447 1447 1447 1447 1447 1447 1447 1447 1447 1447 1447 1447 1447 1449 1439 1439 1439 1440 1442 1442 1442 1443 1445 1446 1446 1446 1446 1447 1447 1448 ;
1448 1448 1448 1448 1448 1448 1448 1448 1448 1448 1448 1448 1448 1450 1439 1439 1440 1440 1441 1442 1443 1444 1445 1446 1445 1446 1447 1447 1447 1448 ;
1449 1449 1449 1449 1449 1449 1449 1449 1449 1449 1449 1449 1449 1450 1439 1439 1439 1440 1442 1442 1443 1444 1445 1446 1445 1447 1446 1447 1448 1447 ;
1448 1448 1448 1448 1448 1448 1448 1448 1448 1448 1448 1448 1448 1450 1439 1439 1440 1440 1441 1442 1442 1443 1445 1445 1446 1446 1447 1447 1447 1447 ;
1448 1448 1448 1448 1448 1448 1448 1448 1448 1448 1448 1448 1448 1449 1439 1439 1439 1440 1441 1442 1442 1444 1445 1446 1445 1447 1446 1447 1448 1448 ;
1448 1448 1448 1448 1448 1448 1448 1448 1448 1448 1448 1448 1448 1450 1439 1439 1439 1440 1442 1442 1442 1444 1446 1445 1445 1446 1447 1447 1448 1449 ;
1448 1448 1448 1448 1448 1448 1448 1448 1448 1448 1448 1448 1448 1448 1439 1439 1439 1440 1440 1442 1442 1443 1445 1446 1446 1448 1448 1448 1448 1449 ;
1449 1449 1449 1449 1449 1449 1449 1449 1449 1449 1449 1449 1449 1450 1439 1439 1439 1440 1441 1442 1442 1443 1445 1446 1446 1447 1446 1447 1447 1447 ;
1448 1448 1448 1448 1448 1448 1448 1448 1448 1448 1448 1448 1448 1448 1448 1438 1438 1439 1441 1441 1442 1443 1444 1445 1446 1446 1447 1447 1448 1447 ;
1448 1448 1448 1448 1448 1448 1448 1448 1448 1448 1448 1448 1448 1448 1438 1438 1438 1439 1440 1441 1441 1443 1444 1445 1445 1446 1447 1447 1447 1448 ;
1448 1448 1448 1448 1448 1448 1448 1448 1448 1448 1448 1448 1448 1450 1440 1439 1439 1440 1441 1442 1442 1444 1445 1445 1446 1446 1447 1447 1447 1448 ;
1448 1448 1448 1448 1448 1448 1448 1448 1448 1448 1448 1448 1448 1450 1439 1439 1440 1440 1441 1442 1442 1444 1445 1445 1445 1446 1446 1447 1447 1447 ;
1448 1448 1448 1448 1448 1448 1448 1448 1448 1448 1448 1448 1448 1448 1438 1438 1438 1439 1440 1441 1441 1442 1444 1444 1445 1446 1446 1447 1448 1447 ;
1448 1448 1448 1448 1448 1448 1448 1448 1448 1448 1448 1448 1448 1450 1439 1439 1439 1440 1442 1442 1442 1444 1445 1446 1445 1447 1446 1447 1447 1448 ;
1449 1449 1449 1449 1449 1449 1449 1449 1449 1449 1449 1449 1449 1450 1439 1439 1439 1440 1442 1442 1443 1444 1446 1446 1446 1447 1446 1447 1448 1447 ;
1448 1448 1448 1448 1448 1448 1448 1448 1448 1448 1448 1448 1448 1449 1439 1439 1439 1440 1440 1442 1442 1443 1445 1446 1445 1446 1447 1447 1447 1449 ;
1449 1449 1449 1449 1449 1449 1449 1449 1449 1449 1449 1449 1449 1450 1439 1439 1439 1440 1442 1442 1442 1443 1445 1445 1446 1446 1447 1447 1449 1449 ;
1449 1449 1449 1449 1449 1449 1449 1449 1449 1449 1449 1449 1449 1450 1439 1439 1439 1440 1442 1442 1442 1445 1445 1446 1446 1447 1447 1447 1447 1448 ;
1449 1449 1449 1449 1449 1449 1449 1449 1449 1449 1449 1449 1449 1449 1439 1439 1439 1440 1441 1442 1443 1443 1445 1446 1446 1446 1447 1447 1449 1449 ;
1448 1448 1448 1448 1448 1448 1448 1448 1448 1448 1448 1448 1448 1450 1449 1439 1439 1440 1440 1442 1442 1443 1445 1445 1446 1446 1446 1447 1447 1449 ;
1449 1449 1449 1449 1449 1449 1449 1449 1449 1449 1449 1449 1449 1450 1439 1439 1439 1440 1442 1442 1442 1444 1445 1445 1445 1446 1446 1447 1448 1448 ;
1448 1448 1448 1448 1448 1448 1448 1448 1448 1448 1448 1448 1448 1448 1439 1439 1439 1440 1441 1442 1442 1443 1445 1445 1447 1448 1447 1448 1448 1449 ;
1449 1449 1449 1449 1449 1449 1449 1449 1449 1449 1449 1449 1449 1449 1439 1439 1439 1440 1442 1442 1442 1444 1445 1446 1446 1447 1447 1448 1448 1449 ;
1449 1449 1449 1449 1449 1449 1449 1449 1449 1449 1449 1449 1449 1450 1439 1439 1439 1440 1442 1442 1442 1443 1445 1445 1446 1447 1446 1447 1447 1449 ;
1448 1448 1448 1448 1448 1448 1448 1448 1448 1448 1448 1448 1448 1450 1439 1439 1439 1440 1441 1442 1442 1444 1445 1446 1446 1446 1446 1447 1447 1447 ;
1448 1448 1448 1448 1448 1448 1448 1448 1448 1448 1448 1448 1448 1448 1438 1438 1438 1439 1440 1441 1442 1442 1444 1445 1446 1446 1447 1447 1448 1448 ;
1448 1448 1448 1448 1448 1448 1448 1448 1448 1448 1448 1448 1448 1450 1440 1439 1439 1440 1441 1442 1443 1443 1445 1446 1445 1447 1446 1447 1448 1448 ;
1449 1449 1449 1449 1449 1449 1449 1449 1449 1449 1449 1449 1449 1450 1439 1439 1439 1440 1442 1442 1443 1443 1445 1445 1445 1446 1447 1447 1447 1448 ;
1447 1447 1447 1447 1447 1447 1447 1447 1447 1447 1447 1447 1447 1447 1438 1438 1438 1439 1441 1441 1442 1442 1444 1444 1445 1446 1448 1447 1448 1448 ;
1448 1448 1448 1448 1448 1448 1448 1448 1448 1448 1448 1448 1448 1450 1439 1439 1439 1440 1440 1442 1442 1444 1445 1445 1446 1446 1448 1447 1447 1448 ;
1448 1448 1448 1448 1448 1448 1448 1448 1448 1448 1448 1448 1448 1449 1439 1439 1439 1440 1442 1442 1443 1443 1445 1445 1446 1446 1448 1447 1449 1448 ;
1448 1448 1448 1448 1448 1448 1448 1448 1448 1448 1448 1448 1448 1450 1439 1439 1439 1440 1442 1442 1442 1442 1445 1446 1445 1446 1448 1448 1449 1449 ;
1449 1449 1449 1449 1449 1449 1449 1449 1449 1449 1449 1449 1449 1450 1439 1439 1439 1440 1442 1442 1442 1444 1445 1445 1446 1446 1447 1447 1448 1449 ;
1447 1447 1447 1447 1447 1447 1447 1447 1447 1447 1447 1447 1447 1449 1439 1439 1439 1440 1442 1442 1442 1443 1445 1445 1446 1446 1447 1448 1448 1450 ;
1449 1449 1449 1449 1449 1449 1449 1449 1449 1449 1449 1449 1449 1450 1440 1439 1439 1440 1441 1442 1442 1443 1445 1446 1446 1446 1447 1448 1448 1448 ;
1447 1447 1447 1447 1447 1447 1447 1447 1447 1447 1447 1447 1447 1449 1439 1439 1439 1440 1442 1442 1442 1443 1445 1445 1446 1447 1446 1447 1448 1448 ;
1447 1447 1447 1447 1447 1447 1447 1447 1447 1447 1447 1447 1447 1449 1439 1439 1439 1440 1441 1442 1443 1443 1446 1445 1445 1446 1446 1447 1447 1447 ;
1448 1448 1448 1448 1448 1448 1448 1448 1448 1448 1448 1448 1448 1450 1439 1439 1439 1440 1441 1442 1443 1443 1446 1445 1446 1446 1446 1447 1448 1448 ;
1448 1448 1448 1448 1448 1448 1448 1448 1448 1448 1448 1448 1448 1450 1439 1439 1439 1440 1442 1442 1443 1443 1445 1445 1446 1446 1446 1447 1447 1447 ;
1448 1448 1448 1448 1448 1448 1448 1448 1448 1448 1448 1448 1448 1450 1439 1439 1439 1440 1442 1442 1442 1443 1445 1445 1445 1446 1447 1448 1448 1448 ;
1448 1448 1448 1448 1448 1448 1448 1448 1448 1448 1448 1448 1448 1448 1438 1438 1438 1439 1439 1441 1442 1442 1444 1445 1446 1447 1446 1447 1448 1447 ;
1448 1448 1448 1448 1448 1448 1448 1448 1448 1448 1448 1448 1448 1448 1438 1438 1438 1439 1441 1441 1442 1442 1444 1444 1446 1446 1446 1448 1447 1448 ;
1514 1514 1514 1514 1514 1514 1514 1514 1514 1514 1514 1514 1514 1514 1505 1505 1505 1506 1508 1508 1508 1509 1511 1512 1512 1514 1515 1515 1515 1514 ;
1515 1515 1515 1515 1515 1515 1515 1515 1515 1515 1515 1515 1515 1450 1439 1439 1439 1440 1442 1442 1443 1444 1445 1445 1445 1446 1447 1447 1447 1448 ;
1449 1449 1449 1449 1449 1449 1449 1449 1449 1449 1449 1449 1449 1449 1439 1439 1439 1440 1442 1442 1442 1443 1445 1445 1447 1447 1447 1448 1449 1449 ;
1449 1449 1449 1449 1449 1449 1449 1449 1449 1449 1449 1449 1449 1449 1439 1439 1439 1440 1441 1442 1443 1443 1446 1446 1447 1447 1448 1448 1448 1449 ;
1449 1449 1449 1449 1449 1449 1449 1449 1449 1449 1449 1449 1449 1450 1440 1439 1439 1440 1442 1442 1443 1444 1445 1446 1445 1446 1448 1447 1448 1448 ;
1448 1448 1448 1448 1448 1448 1448 1448 1448 1448 1448 1448 1448 1448 1439 1439 1439 1440 1441 1442 1443 1443 1445 1446 1447 1448 1447 1448 1448 1448 ;
1449 1449 1449 1449 1449 1449 1449 1449 1449 1449 1449 1449 1449 1449 1439 1439 1439 1440 1442 1442 1443 1444 1445 1445 1447 1447 1448 1449 1448 1448 ;
1449 1449 1449 1449 1449 1449 1449 1449 1449 1449 1449 1449 1449 1450 1449 1439 1439 1440 1442 1442 1442 1443 1445 1446 1445 1447 1446 1447 1448 1449 ;
1448 1448 1448 1448 1448 1448 1448 1448 1448 1448 1448 1448 1448 1450 1449 1439 1440 1440 1441 1442 1442 1443 1446 1445 1445 1446 1446 1447 1447 1449 ;
1448 1448 1448 1448 1448 1448 1448 1448 1448 1448 1448 1448 1448 1450 1439 1439 1439 1440 1442 1442 1442 1443 1445 1446 1445 1446 1447 1447 1447 1449 ;
1449 1449 1449 1449 1449 1449 1449 1449 1449 1449 1449 1449 1449 1450 1440 1439 1439 1440 1442 1442 1442 1443 1445 1445 1445 1446 1447 1448 1447 1448 ;
1448 1448 1448 1448 1448 1448 1448 1448 1448 1448 1448 1448 1448 1450 1439 1439 1439 1440 1442 1442 1442 1442 1445 1446 1445 1446 1446 1447 1449 1448 ;
1449 1449 1449 1449 1449 1449 1449 1449 1449 1449 1449 1449 1449 1450 1440 1439 1439 1440 1442 1442 1442 1444 1445 1445 1445 1448 1447 1447 1448 1448 ;
1449 1449 1449 1449 1449 1449 1449 1449 1449 1449 1449 1449 1449 1450 1440 1439 1439 1442 1442 1442 1443 1443 1445 1445 1445 1446 1447 1448 1447 1448 ;
1447 1447 1447 1447 1447 1447 1447 1447 1447 1447 1447 1447 1447 1449 1448 1439 1439 1440 1442 1442 1442 1444 1445 1445 1445 1446 1446 1448 1447 1448 ;
1448 1448 1448 1448 1448 1448 1448 1448 1448 1448 1448 1448 1448 1450 1440 1439 1440 1440 1441 1442 1442 1444 1445 1446 1446 1447 1446 1447 1448 1448 ;
1447 1447 1447 1447 1447 1447 1447 1447 1447 1447 1447 1447 1447 1449 1440 1439 1439 1440 1442 1442 1442 1444 1445 1446 1445 1447 1446 1447 1447 1447 ;
1448 1448 1448 1448 1448 1448 1448 1448 1448 1448 1448 1448 1448 1450 1449 1439 1439 1440 1442 1442 1442 1443 1445 1446 1446 1446 1446 1447 1447 1447 ;
1448 1448 1448 1448 1448 1448 1448 1448 1448 1448 1448 1448 1448 1448 1438 1438 1438 1439 1441 1441 1442 1443 1444 1445 1445 1447 1446 1448 1448 1448 ;
1448 1448 1448 1448 1448 1448 